SiGN SGN3 FORMAT
[Information]
Edge Attr	BS.Prob:double	edgeScore:double	BS.Gain:double	BS.Direction:double	EdgeType:int	BS.up/down:string	BS.EdgeTypeRatio:string
Node Attr	hubness:int	BS.HubIndex:double
X:BS.total:int	500

[Nodes]
ME17	ME17	0	1	1.7595726
ME9	ME9	1	6	5.1928795
ME13	ME13	2	2	2.7553738
ME14	ME14	3	6	5.4307877
ME10	ME10	4	8	6.4996584
ME15	ME15	5	3	3.7955282
ME16	ME16	6	1	1.3516035
ME1	ME1	7	8	8.2257574
ME8	ME8	8	4	4.0034649
ME12	ME12	9	8	6.5011886
ME11	ME11	10	6	5.1499218
ME2	ME2	11	9	8.0820542
ME7	ME7	12	1	3.0065813
ME18	ME18	13	4	4.9138038
ME5	ME5	14	3	3.9674340
ME6	ME6	15	4	3.4512780
ME3	ME3	16	4	4.5904365
ME4	ME4	17	6	5.3226758

[Edges]
6	0	0.1100000	0.1100000	6.7025721	0.5454545	3	unknown	0.00/0.00/1.00
9	0	0.2080000	0.2080000	9.6967817	0.8557692	0	up	1.00/0.00/0.00
13	0	0.0520000	0.0520000	14.1762023	0.8846154	3	unknown	0.09/0.00/0.91
14	0	1.0000000	1.0000000	154.6236366	0.9840000	3	unknown	0.00/0.00/1.00
16	0	0.2040000	0.2040000	6.4034990	0.9705882	1	down	0.00/0.95/0.05
3	1	0.5000000	0.5000000	28.1486389	0.9600000	1	down	0.00/0.78/0.22
4	1	0.3200000	0.3200000	27.3460116	0.7812500	1	down	0.00/0.60/0.40
9	1	0.1340000	0.1340000	11.5446349	0.8656716	3	unknown	0.02/0.10/0.88
10	1	0.5800000	0.5800000	31.8210446	0.8931034	0	up	0.68/0.00/0.32
11	1	0.8880000	0.8880000	58.6574522	0.8806306	1	down	0.00/0.52/0.48
1	2	0.3640000	0.3640000	17.6903946	0.8736264	3	unknown	0.31/0.00/0.69
7	2	0.2580000	0.2580000	15.4894847	1.0000000	3	unknown	0.00/0.01/0.99
8	2	0.2800000	0.2800000	15.8326884	0.9785714	3	unknown	0.00/0.00/1.00
10	2	0.1740000	0.1740000	9.3992198	0.5057471	0	up	0.68/0.00/0.32
11	2	0.0540000	0.0540000	13.5737758	0.6296296	3	unknown	0.00/0.12/0.88
17	2	0.4480000	0.4480000	16.5098238	0.5625000	3	unknown	0.00/0.32/0.68
9	3	0.1800000	0.1800000	24.0716996	0.5222222	1	down	0.00/0.62/0.38
3	4	0.9740000	0.9740000	90.0695200	0.8644764	3	unknown	0.22/0.00/0.78
3	5	0.0520000	0.0520000	30.2440440	0.8076923	0	up	0.57/0.05/0.38
4	5	0.9200000	0.9200000	103.7048332	0.9065217	3	unknown	0.19/0.00/0.81
9	5	0.1120000	0.1120000	14.5241670	0.6071429	3	unknown	0.12/0.00/0.88
10	5	0.7920000	0.7920000	39.1050753	0.5479798	3	unknown	0.44/0.00/0.56
16	5	0.1200000	0.1200000	25.0954978	0.7000000	3	unknown	0.02/0.40/0.57
1	6	0.0880000	0.0880000	5.9755984	0.8863636	0	up	0.54/0.00/0.46
10	6	0.1480000	0.1480000	7.1360334	0.6216216	0	up	0.54/0.00/0.46
13	6	0.5240000	0.5240000	19.7123486	0.8015267	3	unknown	0.00/0.04/0.96
14	6	0.1660000	0.1660000	11.3963027	1.0000000	3	unknown	0.00/0.46/0.54
15	6	0.0960000	0.0960000	8.6144999	0.8958333	3	unknown	0.00/0.02/0.98
16	6	0.1020000	0.1020000	6.9156833	1.0000000	3	unknown	0.04/0.02/0.94
17	6	0.1740000	0.1740000	7.6907302	0.9885057	3	unknown	0.01/0.05/0.94
1	7	0.1440000	0.1440000	9.8679321	0.5972222	3	unknown	0.07/0.00/0.93
4	7	1.0000000	1.0000000	98.8810949	0.9720000	3	unknown	0.12/0.00/0.88
9	7	0.0600000	0.0600000	17.2531742	0.7333333	3	unknown	0.09/0.00/0.91
11	7	0.9820000	0.9820000	47.5074647	0.7718941	3	unknown	0.00/0.28/0.72
7	8	0.1960000	0.1960000	17.7480866	0.9489796	0	up	0.92/0.00/0.08
11	8	0.7640000	0.7640000	21.2842802	0.9659686	1	down	0.00/0.87/0.13
17	8	0.0780000	0.0780000	7.8288858	0.5897436	3	unknown	0.00/0.22/0.78
12	9	0.1400000	0.1400000	15.4671757	0.5714286	3	unknown	0.08/0.00/0.93
17	9	0.1340000	0.1340000	14.9943687	0.6268657	3	unknown	0.00/0.26/0.74
4	10	0.0520000	0.0520000	12.3278358	0.6153846	3	unknown	0.06/0.31/0.62
7	10	0.1320000	0.1320000	19.2548600	0.9848485	3	unknown	0.00/0.12/0.88
9	10	0.2760000	0.2760000	31.6630296	0.8115942	3	unknown	0.05/0.01/0.94
11	10	0.3940000	0.3940000	43.5798174	0.8223350	3	unknown	0.13/0.01/0.86
15	10	0.1820000	0.1820000	32.7494037	0.5384615	3	unknown	0.00/0.08/0.92
4	11	0.2820000	0.2820000	10.9231147	0.8865248	3	unknown	0.11/0.35/0.54
9	11	0.9040000	0.9040000	33.5475436	0.7433628	3	unknown	0.10/0.00/0.90
1	12	0.1360000	0.1360000	12.3500439	0.7205882	3	unknown	0.04/0.16/0.80
3	12	0.1720000	0.1720000	15.6749597	0.8720930	0	up	0.83/0.01/0.16
7	12	0.1140000	0.1140000	15.0752739	0.7894737	3	unknown	0.00/0.27/0.73
8	12	0.0860000	0.0860000	12.0727862	0.5813953	3	unknown	0.00/0.36/0.64
10	12	0.4300000	0.4300000	14.3854055	0.5116279	0	up	0.74/0.00/0.26
11	12	0.7840000	0.7840000	24.7710264	0.8010204	3	unknown	0.28/0.00/0.72
15	12	0.0500000	0.0500000	10.8150803	0.6400000	3	unknown	0.06/0.25/0.69
17	12	0.0740000	0.0740000	12.0509602	0.6486486	3	unknown	0.21/0.00/0.79
2	13	0.7120000	0.7120000	17.9286291	0.5280899	3	unknown	0.00/0.14/0.86
4	13	0.0520000	0.0520000	7.1542674	0.6153846	1	down	0.19/0.56/0.25
5	13	0.5920000	0.5920000	10.3753612	0.7162162	1	down	0.00/0.72/0.28
8	13	0.4900000	0.4900000	20.3021180	0.9632653	3	unknown	0.08/0.00/0.92
11	13	0.0880000	0.0880000	21.4811649	1.0000000	3	unknown	0.00/0.02/0.98
17	13	0.0600000	0.0600000	8.6396016	0.9000000	3	unknown	0.04/0.00/0.96
3	14	0.0580000	0.0580000	9.0940345	0.5172414	1	down	0.13/0.67/0.20
4	14	0.1500000	0.1500000	10.2723174	0.6000000	1	down	0.00/0.78/0.22
5	14	0.0920000	0.0920000	6.2672724	1.0000000	3	unknown	0.11/0.00/0.89
7	14	0.1040000	0.1040000	9.2105033	0.9230769	1	down	0.00/0.67/0.33
8	14	0.3980000	0.3980000	10.7262077	0.9849246	1	down	0.00/0.53/0.47
13	14	0.9460000	0.9460000	46.0362748	0.9873150	3	unknown	0.00/0.00/1.00
0	15	0.3240000	0.3240000	6.5330601	1.0000000	0	up	0.77/0.00/0.23
2	15	0.5300000	0.5300000	12.2467364	0.7773585	1	down	0.00/0.50/0.50
7	15	0.0880000	0.0880000	9.2032142	0.9772727	3	unknown	0.07/0.00/0.93
11	15	0.1320000	0.1320000	7.7581647	0.9090909	3	unknown	0.00/0.22/0.78
13	15	0.2180000	0.2180000	10.2989405	0.9633028	0	up	0.74/0.00/0.26
14	15	0.9980000	0.9980000	50.0214673	0.9959920	3	unknown	0.26/0.00/0.74
1	16	0.0820000	0.0820000	12.5274161	0.6829268	3	unknown	0.07/0.00/0.93
4	16	0.9280000	0.9280000	53.8101167	0.9870690	3	unknown	0.00/0.11/0.89
7	16	0.2120000	0.2120000	23.1153150	0.7169811	3	unknown	0.00/0.00/1.00
9	16	0.4140000	0.4140000	8.6660906	0.5603865	1	down	0.00/0.86/0.14
10	16	0.2920000	0.2920000	25.9210979	0.8424658	1	down	0.00/0.80/0.20
1	17	0.4060000	0.4060000	15.4281126	0.8128079	1	down	0.00/0.94/0.06
3	17	0.1460000	0.1460000	17.0718427	0.9315068	0	up	0.50/0.10/0.40
5	17	0.0740000	0.0740000	16.3623940	0.6486486	3	unknown	0.00/0.46/0.54
7	17	0.9400000	0.9400000	31.1001710	0.9595745	1	down	0.00/0.80/0.20
11	17	0.4080000	0.4080000	13.0499358	0.9313725	3	unknown	0.03/0.02/0.96
15	17	0.0580000	0.0580000	15.2157612	1.0000000	1	down	0.00/0.55/0.45
16	17	0.0620000	0.0620000	6.2245398	0.7096774	1	down	0.00/0.59/0.41
